multiply_naive : 1.079875889699906 seconds
multiply_mkl :0.4539983491413295 seconds
mkl speed-up over naive: 2.378589903999279